8.333333333333333868e-04
0.000000000000000000e+00
2.340870604641896550e-03
9.961151509114453406e-05
8.466978782747285395e-03
0.000000000000000000e+00
1.947405120031875728e-02
0.000000000000000000e+00
0.000000000000000000e+00
1.494172726367168011e-04
0.000000000000000000e+00
0.000000000000000000e+00
3.984460603645781362e-04
0.000000000000000000e+00
0.000000000000000000e+00
0.000000000000000000e+00
0.000000000000000000e+00
0.000000000000000000e+00
0.000000000000000000e+00
0.000000000000000000e+00
0.000000000000000000e+00
1.011056878175117107e-02
