9.024031387935262938e-01
1.000000000000000000e+00
1.000000000000000000e+00
9.987500000000000266e-01
1.000000000000000000e+00
9.987500000000000266e-01
6.837499999999999689e-01
9.987500000000000266e-01
9.987500000000000266e-01
9.987500000000000266e-01
1.000000000000000000e+00
9.987500000000000266e-01
9.987500000000000266e-01
9.987500000000000266e-01
9.975000000000000533e-01
1.000000000000000000e+00
9.987500000000000266e-01
9.987500000000000266e-01
7.862500000000000044e-01
9.975000000000000533e-01
9.987500000000000266e-01
9.987500000000000266e-01
