1.000000000000000000e+00
9.799999999999999822e-01
9.875000000000000444e-01
9.762499999999999512e-01
9.787500000000000089e-01
9.775000000000000355e-01
9.837500000000000133e-01
9.787500000000000089e-01
9.775000000000000355e-01
9.799999999999999822e-01
9.762499999999999512e-01
9.775000000000000355e-01
9.787500000000000089e-01
9.775000000000000355e-01
9.749999999999999778e-01
9.787500000000000089e-01
9.762499999999999512e-01
9.787500000000000089e-01
9.887500000000000178e-01
9.749999999999999778e-01
9.787500000000000089e-01
9.812499999999999556e-01
