1.000000000000000000e+00
9.937500000000000222e-01
9.937500000000000222e-01
9.925000000000000488e-01
9.912499999999999645e-01
9.925000000000000488e-01
9.949999999999999956e-01
9.912499999999999645e-01
9.925000000000000488e-01
9.925000000000000488e-01
9.925000000000000488e-01
9.912499999999999645e-01
9.912499999999999645e-01
9.937500000000000222e-01
9.925000000000000488e-01
9.912499999999999645e-01
9.912499999999999645e-01
9.912499999999999645e-01
9.937500000000000222e-01
9.912499999999999645e-01
9.912499999999999645e-01
9.949999999999999956e-01
