1.000000000000000000e+00
9.737500000000000044e-01
9.837500000000000133e-01
9.625000000000000222e-01
9.687500000000000000e-01
9.675000000000000266e-01
9.837500000000000133e-01
9.699999999999999734e-01
9.599999999999999645e-01
9.749999999999999778e-01
9.637499999999999956e-01
9.575000000000000178e-01
9.612500000000000488e-01
9.712499999999999467e-01
9.675000000000000266e-01
9.625000000000000222e-01
9.637499999999999956e-01
9.649999999999999689e-01
9.787500000000000089e-01
9.662500000000000533e-01
9.699999999999999734e-01
9.749999999999999778e-01
