0.000000000000000000e+00
4.089072815055670544e-03
0.000000000000000000e+00
1.477978125923736299e-03
0.000000000000000000e+00
0.000000000000000000e+00
3.547147502216967292e-03
0.000000000000000000e+00
4.877327815548330135e-03
0.000000000000000000e+00
0.000000000000000000e+00
3.202285939501428504e-03
3.842743127401714639e-03
0.000000000000000000e+00
3.497881564686175851e-03
7.537688442211054954e-03
0.000000000000000000e+00
5.911912503694945198e-03
0.000000000000000000e+00
1.428712188392945075e-03
0.000000000000000000e+00
0.000000000000000000e+00
