1.130952380952380924e-03
0.000000000000000000e+00
0.000000000000000000e+00
0.000000000000000000e+00
0.000000000000000000e+00
3.984460603645781362e-04
0.000000000000000000e+00
0.000000000000000000e+00
0.000000000000000000e+00
0.000000000000000000e+00
2.938539695188763755e-03
0.000000000000000000e+00
2.241259089550752190e-02
0.000000000000000000e+00
0.000000000000000000e+00
0.000000000000000000e+00
4.980575754557226703e-05
0.000000000000000000e+00
0.000000000000000000e+00
0.000000000000000000e+00
0.000000000000000000e+00
0.000000000000000000e+00
