1.000000000000000000e+00
1.000000000000000000e+00
1.000000000000000000e+00
9.975000000000000533e-01
9.987500000000000266e-01
9.987500000000000266e-01
1.000000000000000000e+00
9.987500000000000266e-01
9.987500000000000266e-01
9.962499999999999689e-01
4.375000000000000000e-01
9.975000000000000533e-01
9.287499999999999645e-01
1.000000000000000000e+00
9.987500000000000266e-01
9.949999999999999956e-01
9.987500000000000266e-01
9.987500000000000266e-01
9.899999999999999911e-01
9.975000000000000533e-01
9.987500000000000266e-01
9.987500000000000266e-01
