1.071428571428571482e-03
0.000000000000000000e+00
0.000000000000000000e+00
0.000000000000000000e+00
2.525151907560514025e-02
0.000000000000000000e+00
1.245143938639306676e-03
0.000000000000000000e+00
5.777467875286382976e-03
1.992230301822890681e-04
2.231297938041637563e-02
1.055882059966132061e-02
3.984460603645781362e-04
0.000000000000000000e+00
2.261181392568981097e-02
4.980575754557226703e-05
1.494172726367168011e-04
9.961151509114453406e-04
4.980575754557226703e-05
0.000000000000000000e+00
9.961151509114453406e-05
0.000000000000000000e+00
