9.889651790093182404e-01
9.987500000000000266e-01
9.987500000000000266e-01
9.949999999999999956e-01
1.000000000000000000e+00
9.987500000000000266e-01
1.000000000000000000e+00
9.949999999999999956e-01
8.074999999999999956e-01
9.962499999999999689e-01
4.862500000000000155e-01
4.387499999999999734e-01
9.675000000000000266e-01
1.000000000000000000e+00
7.562499999999999778e-01
9.949999999999999956e-01
9.912499999999999645e-01
9.987500000000000266e-01
3.662500000000000200e-01
9.949999999999999956e-01
9.987500000000000266e-01
9.987500000000000266e-01
