9.046101029916625569e-01
9.987500000000000266e-01
1.000000000000000000e+00
9.875000000000000444e-01
9.875000000000000444e-01
9.937500000000000222e-01
1.000000000000000000e+00
9.862499999999999600e-01
6.462499999999999911e-01
3.649999999999999911e-01
3.074999999999999956e-01
5.687499999999999778e-01
7.887499999999999512e-01
9.962499999999999689e-01
7.712499999999999911e-01
9.862499999999999600e-01
9.912499999999999645e-01
9.975000000000000533e-01
4.687500000000000000e-01
6.674999999999999822e-01
9.962499999999999689e-01
9.987500000000000266e-01
