1.136904761904761890e-02
4.980575754557226703e-05
0.000000000000000000e+00
9.463093933658730736e-04
0.000000000000000000e+00
2.231297938041637563e-02
9.961151509114453406e-05
3.486403028190058692e-04
1.105687817511704328e-02
2.714413786233688466e-02
1.603745392967427172e-02
1.449347544576153057e-02
1.304910847693993396e-02
0.000000000000000000e+00
1.847793604940731194e-02
6.474748480924394714e-04
8.965036358203008066e-04
0.000000000000000000e+00
0.000000000000000000e+00
2.345851180396453864e-02
0.000000000000000000e+00
1.494172726367168011e-04
