4.686836242675781250e+00
3.622269392013549805e+00
1.970218718051910400e-01
7.092197239398956299e-02
5.511987581849098206e-02
4.689287766814231873e-02
4.136269167065620422e-02
3.720612823963165283e-02
3.383881971240043640e-02
3.101811930537223816e-02
2.864263392984867096e-02
2.654623426496982574e-02
2.463759295642375946e-02
2.290350385010242462e-02
2.137194015085697174e-02
1.998545229434967041e-02
1.868477463722229004e-02
1.746039465069770813e-02
1.626076921820640564e-02
1.504002977162599564e-02
1.380878407508134842e-02
1.260584872215986252e-02
1.146199647337198257e-02
1.038327813148498535e-02
9.376831352710723877e-03
8.455905131995677948e-03
7.636736147105693817e-03
6.961413193494081497e-03
6.422212813049554825e-03
5.971312988549470901e-03
5.589656531810760498e-03
5.255823954939842224e-03
4.952525254338979721e-03
4.681888502091169357e-03
4.426854662597179413e-03
4.202709533274173737e-03
3.987686242908239365e-03
3.780186176300048828e-03
3.568620188161730766e-03
3.353006672114133835e-03
3.142769215628504753e-03
2.948232227936387062e-03
2.759204711765050888e-03
2.571993507444858551e-03
2.385394182056188583e-03
2.182190306484699249e-03
1.967058051377534866e-03
1.778736943379044533e-03
1.677779830060899258e-03
1.628445461392402649e-03
1.547830062918365002e-03
1.420318381860852242e-03
1.265168422833085060e-03
1.098260749131441116e-03
9.971355320885777473e-04
9.610608685761690140e-04
9.489593212492763996e-04
8.666074136272072792e-04
9.581538033671677113e-04
8.198111900128424168e-04
7.579110097140073776e-04
8.817058987915515900e-04
6.959968013688921928e-04
9.387045283801853657e-04
1.025253441184759140e-03
9.064674959518015385e-04
7.999038207344710827e-04
9.080027812160551548e-04
6.246839766390621662e-04
1.269354688702151179e-04
9.608991967979818583e-05
6.217579357326030731e-05
4.856668601860292256e-05
4.156233626417815685e-05
3.662058588815853000e-05
3.267250940552912652e-05
2.948397559521254152e-05
2.675593350431881845e-05
2.441205833747517318e-05
2.250198849651496857e-05
2.091469286824576557e-05
1.948047975020017475e-05
1.814858478610403836e-05
1.690094177320133895e-05
1.575333044456783682e-05
1.472594522056169808e-05
1.381455513183027506e-05
1.301513748330762610e-05
1.227328357344958931e-05
1.159011117124464363e-05
1.099356813938356936e-05
1.043427892000181600e-05
9.901604244078043848e-06
9.390047125634737313e-06
8.901862202037591487e-06
8.438888471573591232e-06
8.006486496014986187e-06
7.591362646053312346e-06
7.201062544481828809e-06
6.838775789219653234e-06
